(1,2) 4495.523498
(1,3) 8120.265336
(2,1) 4519.976718
(2,6) 5968.043409
(3,1) 8095.812116
(3,4) 14020.214425
(3,12) 10040.271910
(4,3) 14046.035492
(4,5) 18016.830098
(4,11) 5208.864525
(5,4) 18041.299944
(5,6) 8797.010420
(5,9) 15786.585762
(6,2) 5992.496629
(6,5) 8803.970093
(6,8) 12492.348335
(7,8) 12101.272357
(7,18) 15805.228855
(8,6) 12523.761228
(8,7) 12044.780469
(8,9) 6881.463592
(8,16) 8384.290397
(9,5) 15804.095934
(9,8) 6836.141395
(9,10) 21749.748311
(10,9) 21821.936286
(10,11) 17728.217342
(10,15) 23130.989344
(10,16) 11045.315215
(10,17) 8100.104326
(11,4) 5310.215748
(11,10) 17605.293501
(11,12) 8362.360437
(11,14) 9777.012186
(12,3) 9989.997622
(12,11) 8403.163979
(12,13) 12303.354379
(13,12) 12393.883633
(13,24) 11120.262954
(14,11) 9814.636025
(14,15) 9035.460582
(14,23) 8397.445476
(15,10) 23198.403824
(15,14) 9079.247376
(15,19) 19085.276794
(15,22) 18403.133711
(16,8) 8404.533601
(16,10) 11072.812046
(16,17) 11687.691280
(16,18) 15289.497034
(17,10) 8100.304832
(17,16) 11676.321151
(17,19) 9952.289012
(18,7) 15861.720742
(18,16) 15348.607197
(18,20) 18989.126603
(19,15) 19119.066740
(19,17) 9941.119389
(19,20) 8684.645302
(20,18) 19004.728653
(20,19) 8707.265626
(20,21) 6305.480598
(20,22) 7001.492679
(21,20) 6241.943288
(21,22) 8619.740942
(21,24) 10307.574889
(22,15) 18380.545038
(22,20) 7003.252363
(22,21) 8606.322290
(22,23) 9657.764970
(23,14) 8391.282522
(23,22) 9623.517330
(23,24) 7899.557125
(24,13) 11110.792208
(24,21) 10257.456229
(24,23) 7859.146530
